41
12
19
49
17
13
10
47
20
32
27
26
28
8
19
35
5
31
6
12
47
26
39
20
43
3
31
44
44
17
10
24
17
10
25
4
46
39
17
18
11
48
44
10
42
25
32
3
8
50
28
16
8
16
49
9
23
17
33
13
31
17
27
50
35
49
18
33
26
8
43
38
10
23
50
37
17
4
29
33
42
13
27
48
28
31
23
20
45
22
3
10
19
49
20
12
30
17
45
27
37
33
42
18
39
34
29
17
33
20
26
3
25
18
50
21
27
45
43
38
5
39
25
12
46
27
24
26
2
37
29
13
46
21
2
7
40
23
17
26
4
31
21
42
40
8
3
28
15
49
19
49
47
24
48
31
37
6
11
39
4
35
3
28
19
47
9
32
49
40
45
6
8
7
23
25
20
35
22
21
20
4
4
16
3
31
32
50
29
47
28
31
49
5
47
25
9
9
39
49
25
21
26
32
26
26
19
1
25
33
16
50
32
32
11
38
10
44
40
12
34
50
3
35
3
20
5
39
14
34
15
32
28
48
41
18
36
42
16
5
19
14
29
18
33
36
43
18
31
18
18
12
22
47
2
29
37
25
49
25
23
18
17
46
30
14
40
29
50
7
41
30
31
37
21
7
2
25
21
43
8
49
2
32
37
11
30
49
5
9
23
1
24
39
48
9
13
43
25
17
46
37
9
21
9
45
31
34
29
3
10
6
30
9
32
36
45
4
49
50
21
41
11
22
32
2
1
18
36
50
15
8
46
22
31
26
49
25
3
21
25
33
33
4
29
23
46
38
42
8
46
7
17
43
38
9
2
19
39
42
49
21
9
3
9
25
25
23
22
6
39
21
2
4
23
40
7
6
13
6
16
10
49
36
28
43
36
12
27
8
21
48
2
16
4
6
36
3
46
12
34
42
7
48
21
44
35
39
30
32
33
24
18
41
3
35
7
11
13
3
26
19
46
46
40
29
26
18
10
37
47
17
15
17
38
19
22
15
17
17
10
11
41
14
30
17
25
22
28
20
17
24
45
21
20
40
25
38
30
19
49
19
1
17
37
31
26
42
24
41
2
40
16
25
11
2
37
46
45
16
49
30
48
1
20
16
18
36
50
44
32
32
5
8
28
24
3
34
24
10
35
26
1
44
48
36
14
29
22
5
10
50
37
23
31
24
36
11
24
13
32
48
5
6
49
38
20
45
27
41
1
27
10
37
38
35
14
47
34
46
1
12
36
24
45
48
29
4
49
8
38
15
16
44
3
49
9
3
25
31
49
42
36
38
6
8
10
45
39
38
15
44
24
15
36
25
4
38
1
40
38
17
42
39
10
16
21
14
25
27
26
50
16
3
10
46
24
11
27
11
29
42
25
39
26
19
3
16
40
49
49
39
22
8
49
3
14
39
36
19
48
49
37
7
40
5
19
48
28
2
50
48
26
22
41
45
2
5
18
39
20
47
42
43
15
10
44
17
1
8
49
18
26
38
34
4
27
45
49
35
33
32
19
15
39
1
39
50
35
46
3
45
2
44
16
29
49
9
44
37
24
19
33
44
33
38
1
37
30
31
31
48
31
28
47
24
24
1
46
11
5
23
43
19
50
14
34
6
46
12
21
1
48
23
10
28
11
7
11
16
10
36
31
10
38
15
15
4
20
24
42
50
13
10
9
12
29
16
35
29
12
12
7
42
36
22
5
6
2
23
29
6
4
50
36
44
12
17
28
11
24
35
24
29
12
19
21
16
29
15
43
29
26
21
33
21
2
1
43
33
43
11
33
32
18
6
47
20
46
35
33
6
14
9
5
12
14
48
32
24
14
31
9
33
10
33
47
12
38
22
44
39
40
14
44
5
11
10
49
12
10
33
32
42
12
26
36
41
18
9
48
49
15
9
39
1
21
22
11
10
28
8
20
48
30
15
8
16
8
25
17
13
21
2
6
5
43
40
16
26
45
21
49
13
31
15
32
40
2
30
37
5
25
11
19
22
36
18
24
25
23
32
46
16
34
50
47
26
45
36
6
42
49
50
29
2
12
49
25
20
47
3
10
47
17
22
46
27
40
14
39
8
9
27
24
20
15
23
17
7
39
49
31
16
19
23
5
4
16
18
16
16
4
42
34
43
38
2
16
6
44
15
36
15
45
6
48
10
28
13
30
18
31
33
11
21
26
13
6
33
15
10
14
20
38
31
1
8
14
13
9
17
22
13
24
47
19
6
31
34
5
26
49
29
46
5
15
27
4
18
21
37
41
1
30
3
37
46
19
10
